%YAML:1.0
K0: !!opencv-matrix
  rows: 3
  cols: 3
  dt: d
  data: [466.589861, 0.000000, 373.086834, 0.000000, 466.324645, 234.968814, 0.000000, 0.000000, 1.000000]

D0: !!opencv-matrix
  rows: 1
  cols: 5
  dt: d
  data: [-0.297617, 0.093588, 0.000466, -0.000159, 0.000000]

R0: !!opencv-matrix
  rows: 3
  cols: 3
  dt: d
  data: [0.999957, 0.001568, -0.009161, -0.001574, 0.999999, -0.000629, 0.009160, 0.000644, 0.999958]

P0: !!opencv-matrix
  rows: 3
  cols: 4
  dt: d
  data: [447.064469, 0.000000, 372.363983, 0.000000, 0.000000, 447.064469, 242.719429, 0.000000, 0.000000, 0.000000, 1.000000, 0.000000]

K1: !!opencv-matrix
  rows: 3
  cols: 3
  dt: d
  data: [470.054346, 0.000000, 358.183405, 0.000000, 469.775021, 250.012643, 0.000000, 0.000000, 1.000000]

D1: !!opencv-matrix
  rows: 1
  cols: 5
  dt: d
  data: [-0.299327, 0.095503, 0.000206, -0.000314, 0.000000]

R1: !!opencv-matrix
  rows: 3
  cols: 3
  dt: d
  data: [0.999947, 0.003253, -0.009763, -0.003247, 0.999995, 0.000652, 0.009765, -0.000621, 0.999952]

P1: !!opencv-matrix
  rows: 3
  cols: 4
  dt: d
  data: [447.064469, 0.000000, 372.363983, -49.145747, 0.000000, 447.064469, 242.719429, 0.000000, 0.000000, 0.000000, 1.000000, 0.000000]
