%YAML:1.0
cameras:
     - {T_SC:
        [ 0.0148655429818, -0.999880929698, 0.00414029679422, -0.0216401454975,
          0.999557249008, 0.0149672133247, 0.025715529948, -0.064676986768,
          -0.0257744366974, 0.00375618835797, 0.999660727178, 0.00981073058949,
           0.0, 0.0, 0.0, 1.0],
        image_dimension: [752, 480],
        distortion_coefficients: [-0.28340811217, 0.0739590738929, 0.000193595028569, 1.76187114545e-05],
        distortion_type: radialtangential,
        focal_length: [458.654880721, 457.296696463],
        principal_point: [367.215803962, 248.37534061]}

     - {T_SC:
        [ 0.0125552670891, -0.999755099723, 0.0182237714554, -0.0198435579556,
          0.999598781151, 0.0130119051815, 0.0251588363115, 0.0453689425024,
          -0.0253898008918, 0.0179005838253, 0.999517347078, 0.00786212447038,
           0.0, 0.0, 0.0, 1.0],
        image_dimension: [752, 480],
        distortion_coefficients: [-0.283683654496, 0.0745128430929, -0.000104738949098, -3.55590700274e-05],
        distortion_type: radialtangential,
        focal_length: [457.587426604, 456.13442556],
        principal_point: [379.99944652, 255.238185386]}

